% 1d
% CO-N2 Clean
%  421
% from stack tentative2
      270.000      0.0763030
      271.000      0.0755183
      272.000      0.0749397
      273.000      0.0738784
      274.000      0.0730207
      275.000      0.0735216
      276.000      0.0745287
      277.000      0.0729331
      278.000      0.0737701
      279.000      0.0713848
      280.000      0.0707795
      281.000      0.0745787
      282.000      0.0719901
      282.996      0.0721214
      283.000      0.0722292
      283.100      0.0746984
      283.200      0.0728701
      283.400      0.0716947
      283.500      0.0717655
      283.996      0.0718538
      284.100      0.0726033
      284.200      0.0772221
      284.300      0.0833468
      284.400      0.0909311
      284.500      0.0971368
      284.600       0.102065
      284.700       0.106128
      284.800       0.110594
      284.900       0.113008
      284.996       0.113275
      285.000       0.112544
      285.100       0.111558
      285.200       0.110861
      285.300       0.111084
      285.400       0.113222
      285.500       0.115551
      285.600       0.117094
      285.700       0.121626
      285.800       0.131420
      285.900       0.143505
      285.996       0.153604
      286.000       0.161454
      286.100       0.172623
      286.200       0.188770
      286.300       0.206228
      286.400       0.224256
      286.500       0.242912
      286.600       0.261544
      286.700       0.276768
      286.800       0.285049
      286.900       0.290776
      286.996       0.299292
      287.000       0.311862
      287.100       0.329557
      287.200       0.351930
      287.300       0.384250
      287.400       0.435385
      287.500       0.463663
      287.600       0.516275
      287.700       0.631148
      287.800       0.787502
      287.900       0.977680
      287.996        1.13075
      288.000        1.18770
      288.100        1.17528
      288.200        1.14906
      288.300        1.12009
      288.400        1.06876
      288.500        1.01009
      288.600       0.995263
      288.700       0.987917
      288.800       0.976833
      288.900       0.982490
      288.996       0.982252
      289.000        1.00177
      289.100        1.06479
      289.200        1.13137
      289.300        1.15864
      289.400        1.12485
      289.500        1.04009
      289.600       0.918355
      289.700       0.779092
      289.800       0.666687
      289.900       0.591897
      289.996       0.536388
      290.000       0.509180
      290.100       0.534610
      290.200       0.526865
      290.300       0.529158
      290.400       0.542838
      290.500       0.559263
      290.600       0.569505
      290.700       0.576518
      290.800       0.586850
      290.900       0.599645
      290.996       0.608165
      291.000       0.606950
      291.100       0.601755
      291.200       0.599428
      291.300       0.601502
      291.400       0.602867
      291.500       0.602890
      291.600       0.606270
      291.700       0.611642
      291.800       0.615685
      291.900       0.621678
      291.996       0.629613
      292.000       0.637050
      292.100       0.643480
      292.200       0.648008
      292.300       0.653332
      292.400       0.663385
      292.500       0.676245
      292.600       0.688648
      292.700       0.702592
      292.800       0.723420
      292.900       0.752407
      292.996       0.788940
      293.000       0.829315
      293.996       0.869705
      294.000       0.908685
      294.996       0.945522
      295.000       0.974023
      295.996       0.993787
      296.000        1.00335
      296.996        1.00071
      297.000       0.990507
      297.996       0.977238
      298.000       0.959318
      298.996       0.940000
      299.000       0.921805
      299.996       0.906035
      300.000       0.895018
      300.996       0.885233
      301.000       0.873890
      301.996       0.862945
      302.000       0.851950
      302.996       0.836897
      303.000       0.815685
      304.000       0.788848
      305.000       0.759892
      306.000       0.728510
      307.000       0.693258
      308.000       0.656603
      309.000       0.623057
      310.000       0.594453
      311.000       0.570365
      312.000       0.550498
      313.000       0.535345
      314.000       0.523465
      315.000       0.512218
      316.000       0.500477
      317.000       0.489650
      318.000       0.481065
      319.000       0.473713
      320.000       0.467745
      321.000       0.464935
      322.000       0.464640
      323.000       0.465328
      324.000       0.465782
      325.000       0.465023
      326.000       0.463635
      327.000       0.461970
      328.000       0.459277
      329.000       0.455250
      330.000       0.449993
      331.000       0.444475
      332.000       0.439132
      333.000       0.432900
      334.000       0.426753
      335.000       0.422230
      336.000       0.419007
      337.000       0.416030
      338.000       0.411207
      339.000       0.405252
      340.000       0.401195
      341.000       0.397677
      342.000       0.392827
      343.000       0.388715
      344.000       0.386260
      345.000       0.385290
      346.000       0.384935
      347.000       0.382993
      348.000       0.379715
      349.000       0.377198
      350.000       0.375313
      351.000       0.373305
      352.000       0.371050
      353.000       0.368725
      354.000       0.367335
      355.000       0.366100
      356.000       0.363725
      357.000       0.361385
      358.000       0.359920
      359.000       0.358880
      360.000       0.357860
      361.000       0.356545
      362.000       0.355538
      363.000       0.355163
      364.000       0.354085
      365.000       0.351975
      366.000       0.349595
      367.000       0.347662
      368.000       0.346337
      369.000       0.345732
      370.000       0.345382
      371.000       0.344552
      372.000       0.343197
      373.000       0.341662
      374.000       0.339855
      375.000       0.338195
      376.000       0.336807
      377.000       0.334737
      378.000       0.331885
      379.000       0.329050
      380.000       0.326872
      381.000       0.325255
      382.000       0.323485
      383.000       0.321310
      384.000       0.319899
      385.000       0.319405
      386.000       0.318919
      387.000       0.318460
      388.000       0.318521
      389.000       0.317998
      390.000       0.316720
      391.000       0.315247
      392.000       0.313473
      393.000       0.311586
      394.000       0.310082
      395.000       0.308899
      395.100       0.308785
      395.200       0.309131
      395.300       0.308724
      395.400       0.307907
      395.500       0.307586
      395.600       0.307362
      395.700       0.307424
      395.800       0.306885
      395.900       0.306129
      396.000       0.306568
      396.100       0.307240
      396.200       0.307430
      396.300       0.306814
      396.400       0.306724
      396.500       0.306744
      396.600       0.306990
      396.700       0.306910
      396.800       0.306302
      396.900       0.307054
      397.000       0.307341
      397.100       0.307126
      397.200       0.307356
      397.300       0.307553
      397.400       0.307971
      397.500       0.310358
      397.600       0.312149
      397.700       0.313760
      397.800       0.315012
      397.900       0.315742
      398.000       0.316603
      398.100       0.318784
      398.200       0.323042
      398.300       0.329165
      398.400       0.336915
      398.500       0.347367
      398.600       0.361192
      398.700       0.377100
      398.800       0.393747
      398.900       0.410620
      399.000       0.426145
      399.100       0.438880
      399.200       0.448942
      399.300       0.456070
      399.400       0.460580
      399.500       0.462628
      399.600       0.462897
      399.700       0.464190
      399.800       0.467373
      399.900       0.471168
      400.000       0.477670
      400.100       0.487555
      400.200       0.500230
      400.300       0.517523
      400.400       0.537670
      400.500       0.552725
      400.600       0.557575
      400.700       0.558982
      400.800       0.563880
      400.900       0.568428
      401.000       0.564183
      401.100       0.548232
      401.200       0.533758
      401.300       0.534343
      401.400       0.537625
      401.500       0.533415
      401.600       0.528858
      401.700       0.529360
      401.800       0.538320
      401.900       0.550560
      402.000       0.556333
      402.100       0.559928
      402.200       0.566168
      402.300       0.572510
      402.400       0.578740
      402.500       0.584312
      402.600       0.589205
      402.700       0.595258
      402.800       0.602060
      402.900       0.609205
      403.000       0.616260
      403.100       0.622248
      403.200       0.627325
      403.300       0.632378
      403.400       0.637152
      403.500       0.640860
      403.600       0.643650
      403.700       0.648200
      403.800       0.656050
      403.900       0.665487
      404.000       0.674935
      404.100       0.685380
      404.200       0.698020
      404.300       0.711208
      404.400       0.723180
      404.500       0.734650
      404.600       0.747842
      404.700       0.762818
      404.800       0.776992
      404.900       0.788930
      405.000       0.799885
      405.100       0.809842
      405.200       0.818425
      405.300       0.824890
      405.400       0.827935
      405.500       0.828345
      405.600       0.829340
      405.700       0.831922
      405.800       0.834625
      405.900       0.836245
      406.000       0.838435
      406.100       0.842918
      406.200       0.849940
      406.300       0.856125
      406.400       0.858990
      406.500       0.861350
      406.600       0.867073
      406.700       0.873563
      406.800       0.877648
      406.900       0.879223
      407.000       0.879915
      407.100       0.880222
      407.200       0.878982
      407.300       0.874010
      407.400       0.867877
      407.500       0.864237
      407.600       0.863092
      407.700       0.861840
      407.800       0.859160
      407.900       0.855425
      408.000       0.851642
      408.100       0.848032
      408.200       0.845172
      408.300       0.842530
      408.400       0.840463
      408.500       0.840432
      408.600       0.842080
      408.700       0.843610
      408.800       0.842820
      408.900       0.839400
      409.000       0.835877
      409.100       0.834000
      409.200       0.832227
      409.300       0.829507
      409.400       0.826657
      409.500       0.825848
      409.600       0.827327
      409.700       0.827870
      409.800       0.824962
      409.900       0.820313
      410.000       0.814880
      411.000       0.807997
      412.000       0.798252
      413.000       0.784500
      414.000       0.768027
      415.000       0.750730
      416.000       0.732770
      417.000       0.714820
      418.000       0.697050
      419.000       0.679272
      420.000       0.662615
      421.000       0.647990
      422.000       0.635365
      423.000       0.624447
      424.000       0.614417
      425.000       0.605182
      426.000       0.597480
      427.000       0.590882
      428.000       0.584545
      429.000       0.578568
      430.000       0.573385
      431.000       0.569043
      432.000       0.565315
      433.000       0.561693
      434.000       0.558033
      435.000       0.554635
      436.000       0.551530
      437.000       0.548555
      438.000       0.545745
      439.000       0.543070
      440.000       0.540428
      441.000       0.537988
      442.000       0.535885
      443.000       0.533908
      444.000       0.531732
      445.000       0.529250
      446.000       0.526680
      447.000       0.524395
      448.000       0.522483
      449.000       0.520802
      450.000       0.519418
