% 1d
% PEEK
%  216
% from stack PEEK
      270.000      0.0649781
      271.000      0.0660042
      272.000      0.0652241
      273.000      0.0629298
      274.000      0.0610858
      275.000      0.0607297
      276.000      0.0621256
      277.000      0.0586640
      278.000      0.0606429
      279.000      0.0602229
      280.000      0.0617724
      281.000      0.0586930
      282.000      0.0627309
      283.000      0.0705542
      283.100      0.0730064
      283.200      0.0791880
      283.300      0.0729070
      283.400      0.0747023
      283.500      0.0907343
      283.600      0.0764879
      283.700      0.0824640
      283.800      0.0940682
      283.900      0.0980374
      284.000      0.0995651
      284.100       0.102326
      284.200       0.108859
      284.300       0.117452
      284.400       0.156433
      284.500       0.272962
      284.600       0.479409
      284.700       0.757993
      284.800        1.05685
      284.900        1.41802
      285.000        1.60735
      285.100        1.57541
      285.200        1.41094
      285.300        1.20769
      285.400        1.04872
      285.500       0.880764
      285.600       0.710762
      285.700       0.561090
      285.800       0.456229
      285.900       0.399352
      286.000       0.426219
      286.100       0.552825
      286.200       0.684078
      286.300       0.803269
      286.400       0.875834
      286.500       0.952052
      286.600        1.02658
      286.700        1.08147
      286.800        1.02794
      286.900       0.921501
      287.000       0.777290
      287.100       0.657925
      287.200       0.547788
      287.300       0.503074
      287.400       0.482676
      287.500       0.489237
      287.600       0.495521
      287.700       0.492772
      287.800       0.510269
      287.900       0.516019
      288.000       0.526418
      288.100       0.540320
      288.200       0.577746
      288.300       0.605473
      288.400       0.633532
      288.500       0.646934
      288.600       0.669648
      288.700       0.678560
      288.800       0.683540
      288.900       0.688757
      289.000       0.698312
      289.100       0.696806
      289.200       0.677761
      289.300       0.656209
      289.400       0.657416
      289.500       0.649030
      289.600       0.659812
      289.700       0.672070
      289.800       0.703542
      289.900       0.723509
      290.000       0.737055
      290.100       0.765345
      290.200       0.760973
      290.300       0.780663
      290.400       0.781509
      290.500       0.759226
      290.600       0.770192
      290.700       0.764043
      290.800       0.747225
      290.900       0.739267
      291.000       0.752977
      291.100       0.758050
      291.200       0.744124
      291.300       0.778287
      291.400       0.779198
      291.500       0.803705
      291.600       0.820422
      291.700       0.831191
      291.800       0.853506
      291.900       0.857167
      292.000       0.878395
      292.100       0.881905
      292.200       0.889191
      292.300       0.912453
      292.400       0.919674
      292.500       0.920561
      292.600       0.941718
      292.700       0.947002
      292.800       0.954589
      292.900       0.969121
      293.000       0.986753
      294.000        1.06685
      295.000        1.07983
      296.000        1.07689
      297.000        1.04100
      298.000        1.01834
      299.000        1.02098
      300.000        1.03394
      301.000        1.04848
      302.000        1.06740
      303.000        1.06912
      304.000        1.03097
      305.000       0.983179
      306.000       0.912482
      307.000       0.854928
      308.000       0.797900
      309.000       0.758023
      310.000       0.717721
      311.000       0.687178
      312.000       0.662943
      313.000       0.645955
      314.000       0.629447
      315.000       0.616574
      316.000       0.607382
      317.000       0.598557
      318.000       0.591789
      319.000       0.586921
      320.000       0.586992
      321.000       0.577225
      322.000       0.577990
      323.000       0.574329
      324.000       0.574696
      325.000       0.571296
      326.000       0.570416
      327.000       0.564285
      328.000       0.560863
      329.000       0.552745
      330.000       0.545741
      331.000       0.534172
      332.000       0.529685
      333.000       0.519457
      334.000       0.510157
      335.000       0.501875
      336.000       0.493553
      337.000       0.485495
      338.000       0.478651
      339.000       0.471417
      340.000       0.465440
      341.000       0.459257
      342.000       0.455900
      343.000       0.449535
      344.000       0.447162
      345.000       0.441826
      346.000       0.438833
      347.000       0.435524
      348.000       0.432764
      349.000       0.429686
      350.000       0.428252
      351.000       0.422487
      352.000       0.421364
      353.000       0.419058
      354.000       0.420489
      355.000       0.414976
      356.000       0.415589
      357.000       0.412071
      358.000       0.410065
      359.000       0.407064
      360.000       0.406024
      361.000       0.403681
      362.000       0.404119
      363.000       0.399837
      364.000       0.397910
      365.000       0.396462
      366.000       0.392309
      367.000       0.389259
      368.000       0.386645
      369.000       0.384625
      370.000       0.382096
      371.000       0.380916
      372.000       0.376993
      373.000       0.373324
      374.000       0.371857
      375.000       0.368752
      376.000       0.365485
      377.000       0.364062
      378.000       0.361666
      379.000       0.357841
      380.000       0.356234
      381.000       0.353825
      382.000       0.349779
      383.000       0.346467
      384.000       0.345317
      385.000       0.341665
      386.000       0.338541
      387.000       0.336205
      388.000       0.335376
      389.000       0.333254
      390.000       0.329851
      391.000       0.326385
      392.000       0.323646
      393.000       0.320945
      394.000       0.318438
      395.000       0.316611
