% 1d
% PES
%  136
% from stack PES
      270.000      0.0690447
      271.000      0.0705935
      272.000      0.0673931
      273.000      0.0629083
      274.000      0.0674749
      275.000      0.0614496
      276.000      0.0666575
      277.000      0.0643258
      278.000      0.0629291
      279.000      0.0636428
      280.000      0.0598601
      281.000      0.0653812
      282.000      0.0664644
      283.000      0.0752004
      283.100      0.0673688
      283.200      0.0729508
      283.300      0.0765004
      283.400      0.0825919
      283.500      0.0782417
      283.600      0.0810490
      283.700      0.0802229
      283.800      0.0926074
      283.900      0.0856926
      284.000      0.0847045
      284.100      0.0801827
      284.200      0.0885051
      284.300      0.0939839
      284.400      0.0865836
      284.500      0.0865721
      284.600      0.0924120
      284.700      0.0911279
      284.800      0.0946139
      284.900      0.0859958
      285.000      0.0936121
      285.100      0.0826524
      285.200      0.0831304
      285.300      0.0737903
      285.400      0.0881439
      285.500      0.0775424
      285.600      0.0755164
      285.700      0.0791301
      285.800      0.0724023
      285.900      0.0741219
      286.000      0.0771615
      286.100      0.0781502
      286.200      0.0741215
      286.300      0.0810516
      286.400      0.0791245
      286.500      0.0775445
      286.600      0.0749278
      286.700      0.0616995
      286.800       0.113275
      286.900       0.106342
      287.000       0.118701
      287.100       0.135945
      287.200       0.145520
      287.300       0.152478
      287.400       0.146747
      287.500       0.157644
      287.600       0.157422
      287.700       0.165348
      287.800       0.181803
      287.900       0.203716
      288.000       0.251029
      288.100       0.337441
      288.200       0.574797
      288.300        1.09823
      288.400        1.33159
      288.500        1.37621
      288.600        1.28243
      288.700        1.12894
      288.800       0.963211
      288.900       0.847921
      289.000       0.759129
      289.100       0.725972
      289.200       0.714293
      289.300       0.694055
      289.400       0.677361
      289.500       0.656444
      289.600       0.634556
      289.700       0.620840
      289.800       0.594543
      289.900       0.574792
      290.000       0.564268
      290.100       0.553997
      290.200       0.536869
      290.300       0.529945
      290.400       0.520540
      290.500       0.517857
      290.600       0.508203
      290.700       0.500821
      290.800       0.501519
      290.900       0.494431
      291.000       0.494583
      291.100       0.495149
      291.200       0.500841
      291.300       0.512333
      291.400       0.513103
      291.500       0.514592
      291.600       0.519996
      291.700       0.521276
      291.800       0.531898
      291.900       0.539505
      292.000       0.540600
      292.100       0.550596
      292.200       0.549276
      292.300       0.559728
      292.400       0.562434
      292.500       0.571859
      292.600       0.577173
      292.700       0.590402
      292.800       0.595284
      292.900       0.603293
      293.000       0.613689
      294.000       0.638514
      295.000       0.666530
      296.000       0.680788
      297.000       0.675456
      298.000       0.654595
      299.000       0.605666
      300.000       0.574674
      301.000       0.561268
      302.000       0.559860
      303.000       0.559023
      304.000       0.544968
      305.000       0.511557
      306.000       0.477773
      307.000       0.448193
      308.000       0.419334
      309.000       0.408877
      310.000       0.399433
      311.000       0.388137
      312.000       0.384703
      313.000       0.378449
      314.000       0.371526
      315.000       0.364764
