% 1d
% 1
%  226
% from stack 1
      250.000      0.0896915
      252.500      0.0908165
      255.000      0.0863165
      257.500      0.0854576
      260.000      0.0842621
      262.500      0.0797258
      265.000      0.0823891
      267.500      0.0853327
      270.000      0.0829698
      272.500      0.0816533
      275.000      0.0768448
      277.500      0.0765908
      280.000      0.0797600
      282.500      0.0837238
      284.500       0.118451
      286.500       0.100700
      288.500        1.65819
      290.500       0.554211
      292.500       0.708795
      295.000       0.782828
      297.500       0.785807
      300.000       0.659903
      302.500       0.647016
      305.000       0.602120
      307.500       0.512508
      310.000       0.461653
      312.500       0.442407
      315.000       0.417220
      317.500       0.404579
      320.000       0.394184
      322.500       0.380875
      325.000       0.369857
      327.500       0.360111
      330.000       0.352932
      332.500       0.339143
      335.000       0.327631
      337.500       0.315684
      340.000       0.311790
      342.500       0.307284
      345.000       0.302595
      347.500       0.297992
      350.000       0.291740
      352.500       0.293036
      355.000       0.282680
      357.500       0.278567
      360.000       0.274379
      362.500       0.268161
      365.000       0.265165
      367.500       0.261881
      370.000       0.257048
      372.500       0.251333
      375.000       0.248401
      377.500       0.242107
      380.000       0.236173
      382.500       0.235919
      385.000       0.228794
      387.500       0.226510
      390.000       0.220014
      392.500       0.215391
      395.000       0.211242
      397.500       0.205788
      400.000       0.209677
      402.500       0.207744
      405.000       0.211891
      407.500       0.209329
      410.000       0.201500
      412.500       0.197401
      415.000       0.194663
      417.500       0.195163
      420.000       0.189258
      422.500       0.190442
      425.000       0.188262
      427.500       0.183185
      430.000       0.174305
      432.500       0.172790
      435.000       0.169554
      437.500       0.163532
      440.000       0.164224
      442.500       0.159518
      445.000       0.157458
      447.500       0.155163
      450.000       0.150861
      452.500       0.147802
      455.000       0.147401
      457.500       0.144591
      460.000       0.143371
      462.500       0.142893
      465.000       0.142657
      467.500       0.137355
      470.000       0.136500
      472.500       0.134786
      475.000       0.133345
      477.500       0.129264
      480.000       0.128823
      482.500       0.126153
      485.000       0.124927
      487.500       0.123754
      490.000       0.119448
      492.500       0.119526
      495.000       0.116286
      497.500       0.114423
      500.000       0.112508
      502.500       0.111573
      505.000       0.113946
      507.500       0.106694
      510.000       0.108565
      512.500       0.104942
      515.000       0.103921
      517.500       0.102095
      520.000      0.0996613
      522.500      0.0999799
      525.000      0.0962782
      525.500      0.0998972
      526.000      0.0977016
      526.500      0.0968972
      527.000      0.0966835
      527.500      0.0943488
      528.000      0.0962723
      528.500      0.0978790
      529.000      0.0993065
      529.500      0.0960807
      530.000      0.0971270
      530.500       0.102700
      531.000       0.115704
      531.500       0.145383
      532.000       0.375569
      532.500       0.409317
      533.000       0.217429
      533.500       0.130609
      534.000       0.123063
      534.500       0.166665
      535.000       0.239585
      535.500       0.225581
      536.000       0.205696
      536.500       0.218270
      537.000       0.245724
      537.500       0.273198
      538.000       0.291204
      538.500       0.307655
      539.000       0.334706
      539.500       0.355270
      540.000       0.362718
      542.500       0.327484
      545.000       0.293821
      547.500       0.289542
      550.000       0.255911
      552.500       0.231165
      555.000       0.219480
      557.500       0.211434
      560.000       0.208488
      562.500       0.205089
      565.000       0.204123
      567.500       0.201663
      570.000       0.197530
      572.500       0.197486
      575.000       0.195633
      577.500       0.198010
      580.000       0.191030
      582.500       0.189036
      585.000       0.184568
      587.500       0.181603
      590.000       0.178899
      592.500       0.175296
      595.000       0.172931
      597.500       0.171867
      600.000       0.169417
      602.500       0.167466
      605.000       0.164579
      607.500       0.163490
      610.000       0.161724
      612.500       0.158038
      615.000       0.155948
      617.500       0.155712
      620.000       0.154286
      622.500       0.153984
      625.000       0.148179
      627.500       0.150145
      630.000       0.146909
      632.500       0.145153
      635.000       0.144933
      637.500       0.140141
      640.000       0.138782
      642.500       0.137688
      645.000       0.139117
      647.500       0.137496
      650.000       0.134512
      652.500       0.133474
      655.000       0.131276
      657.500       0.129440
      660.000       0.128716
      662.500       0.130825
      665.000       0.126268
      667.500       0.129280
      670.000       0.125044
      672.500       0.123694
      675.000       0.126157
      677.500       0.122998
      680.000       0.121218
      682.500       0.123625
      685.000       0.119782
      687.500       0.116671
      690.000       0.118649
      692.500       0.113210
      695.000       0.115728
      697.500       0.115732
      700.000       0.117778
      705.000       0.115192
      710.000       0.112536
      715.000       0.112681
      720.000       0.112686
      725.000       0.111131
      730.000       0.109067
      735.000       0.104262
      740.000       0.106010
      745.000       0.103427
      750.000       0.100974
      755.000      0.0997581
      760.000      0.0954778
      765.000      0.0932339
      770.000      0.0932621
      775.000      0.0878125
      780.000      0.0857278
      785.000      0.0807783
      790.000      0.0792117
      795.000      0.0770161
      800.000      0.0719939
