#Wavelength in nm, Average Reflectance 350 to 2500nm by 1nm, Standard Deviation: N = 25, Decimal Hours UT: ,18.1493
     350 0.0499642 0.00373585
     351 0.0499532 0.00372966
     352 0.0503841 0.00370056
     353 0.0507505 0.00366983
     354 0.0509066 0.00364628
     355 0.0510909 0.00363613
     356 0.0515534 0.00361609
     357 0.0518358 0.00358717
     358 0.0521402 0.00356161
     359 0.0526543 0.00354462
     360 0.0528089 0.00350086
     361 0.0530396 0.00350193
     362 0.0533313 0.00349827
     363 0.0537453 0.00344570
     364 0.0541191 0.00344544
     365 0.0544651 0.00346366
     366 0.0547911 0.00347786
     367 0.0551611 0.00348260
     368 0.0556158 0.00349699
     369 0.0560005 0.00350252
     370 0.0563290 0.00349911
     371 0.0568534 0.00351258
     372 0.0573450 0.00353799
     373 0.0579221 0.00355689
     374 0.0583367 0.00354571
     375 0.0589870 0.00358452
     376 0.0596116 0.00362946
     377 0.0602111 0.00367462
     378 0.0608373 0.00372136
     379 0.0613915 0.00375610
     380 0.0620671 0.00378092
     381 0.0627256 0.00379528
     382 0.0634678 0.00382368
     383 0.0642311 0.00386188
     384 0.0648903 0.00388566
     385 0.0655202 0.00389214
     386 0.0662806 0.00390352
     387 0.0669459 0.00392413
     388 0.0676404 0.00393838
     389 0.0683253 0.00392988
     390 0.0688893 0.00393751
     391 0.0696025 0.00394472
     392 0.0702419 0.00394178
     393 0.0709307 0.00395276
     394 0.0715791 0.00397183
     395 0.0721616 0.00395995
     396 0.0728498 0.00393103
     397 0.0733692 0.00390103
     398 0.0739232 0.00389058
     399 0.0744726 0.00390161
     400 0.0750641 0.00392752
     401 0.0754399 0.00393127
     402 0.0758356 0.00392152
     403 0.0763418 0.00392375
     404 0.0768219 0.00394503
     405 0.0774119 0.00396668
     406 0.0778191 0.00396387
     407 0.0783234 0.00396896
     408 0.0789020 0.00400552
     409 0.0794888 0.00402720
     410 0.0800198 0.00404666
     411 0.0806189 0.00407596
     412 0.0811071 0.00409313
     413 0.0816693 0.00411801
     414 0.0822566 0.00415204
     415 0.0826706 0.00418101
     416 0.0832658 0.00420253
     417 0.0838565 0.00422432
     418 0.0846856 0.00426134
     419 0.0853676 0.00429166
     420 0.0860379 0.00432812
     421 0.0865552 0.00435627
     422 0.0871757 0.00438392
     423 0.0881443 0.00442241
     424 0.0887348 0.00445663
     425 0.0894747 0.00450021
     426 0.0902440 0.00453627
     427 0.0911193 0.00457648
     428 0.0919680 0.00461990
     429 0.0928832 0.00466403
     430 0.0937761 0.00469760
     431 0.0945961 0.00473664
     432 0.0955825 0.00478772
     433 0.0965664 0.00483575
     434 0.0974018 0.00486831
     435 0.0983982 0.00491419
     436 0.0992980 0.00496039
     437 0.100126 0.00500354
     438 0.101042 0.00504221
     439 0.101879 0.00508159
     440 0.102697 0.00512424
     441 0.103631 0.00517182
     442 0.104507 0.00521133
     443 0.105375 0.00525227
     444 0.106227 0.00529515
     445 0.107079 0.00533685
     446 0.107763 0.00537100
     447 0.108564 0.00541141
     448 0.109375 0.00545117
     449 0.110023 0.00547813
     450 0.110581 0.00551198
     451 0.111312 0.00555534
     452 0.111913 0.00558056
     453 0.112557 0.00561471
     454 0.113189 0.00565233
     455 0.113701 0.00568531
     456 0.114202 0.00571627
     457 0.114712 0.00574161
     458 0.115267 0.00577011
     459 0.115772 0.00580210
     460 0.116116 0.00583008
     461 0.116546 0.00585938
     462 0.116974 0.00588457
     463 0.117408 0.00590827
     464 0.117785 0.00593241
     465 0.118357 0.00596944
     466 0.118734 0.00599830
     467 0.119139 0.00602766
     468 0.119523 0.00604730
     469 0.119870 0.00606747
     470 0.120235 0.00609591
     471 0.120594 0.00611936
     472 0.120960 0.00613778
     473 0.121428 0.00616323
     474 0.121775 0.00619090
     475 0.122205 0.00621656
     476 0.122685 0.00624790
     477 0.123124 0.00627930
     478 0.123493 0.00629901
     479 0.123791 0.00631451
     480 0.124253 0.00634200
     481 0.124695 0.00637182
     482 0.125242 0.00640025
     483 0.125812 0.00643646
     484 0.126409 0.00647420
     485 0.127187 0.00651111
     486 0.127827 0.00654687
     487 0.128449 0.00658322
     488 0.129049 0.00661581
     489 0.129746 0.00664936
     490 0.130398 0.00668593
     491 0.131063 0.00672240
     492 0.131717 0.00675254
     493 0.132399 0.00678451
     494 0.133199 0.00682376
     495 0.134114 0.00686903
     496 0.134885 0.00690575
     497 0.135652 0.00694593
     498 0.136424 0.00698629
     499 0.137275 0.00702717
     500 0.138084 0.00705989
     501 0.138909 0.00709855
     502 0.139745 0.00713860
     503 0.140644 0.00717871
     504 0.141530 0.00722661
     505 0.142379 0.00726827
     506 0.143306 0.00731058
     507 0.144211 0.00735598
     508 0.145087 0.00739457
     509 0.146050 0.00743537
     510 0.146980 0.00747553
     511 0.147813 0.00751322
     512 0.148688 0.00755252
     513 0.149540 0.00759048
     514 0.150495 0.00763469
     515 0.151438 0.00767931
     516 0.152337 0.00772268
     517 0.153227 0.00776534
     518 0.154260 0.00781271
     519 0.155218 0.00785089
     520 0.156071 0.00788703
     521 0.157028 0.00793426
     522 0.157868 0.00796898
     523 0.158676 0.00800175
     524 0.159653 0.00804581
     525 0.160574 0.00809105
     526 0.161532 0.00813705
     527 0.162410 0.00817633
     528 0.163260 0.00821255
     529 0.164136 0.00825172
     530 0.165020 0.00828870
     531 0.165941 0.00832827
     532 0.166736 0.00836478
     533 0.167556 0.00840207
     534 0.168411 0.00843991
     535 0.169281 0.00847714
     536 0.170172 0.00851528
     537 0.171053 0.00855894
     538 0.171793 0.00859381
     539 0.172605 0.00862827
     540 0.173464 0.00866938
     541 0.174296 0.00870994
     542 0.175100 0.00875027
     543 0.175935 0.00879287
     544 0.176883 0.00883440
     545 0.177620 0.00886867
     546 0.178326 0.00890532
     547 0.179208 0.00894787
     548 0.179893 0.00898061
     549 0.180717 0.00901604
     550 0.181508 0.00904583
     551 0.182175 0.00907760
     552 0.183036 0.00911683
     553 0.183688 0.00913997
     554 0.184424 0.00916273
     555 0.185226 0.00919487
     556 0.186020 0.00923332
     557 0.186732 0.00927088
     558 0.187513 0.00930801
     559 0.188360 0.00935591
     560 0.189001 0.00940247
     561 0.189664 0.00945606
     562 0.190388 0.00951139
     563 0.191044 0.00956410
     564 0.191701 0.00961800
     565 0.192392 0.00967216
     566 0.193058 0.00970852
     567 0.193830 0.00974602
     568 0.194388 0.00977403
     569 0.194997 0.00979420
     570 0.195765 0.00981278
     571 0.196344 0.00981481
     572 0.196974 0.00981744
     573 0.197845 0.00983909
     574 0.198230 0.00984253
     575 0.198875 0.00986658
     576 0.199385 0.00989575
     577 0.199905 0.00993569
     578 0.200522 0.00998635
     579 0.200982 0.0100332
     580 0.201372 0.0100865
     581 0.201881 0.0101449
     582 0.202223 0.0101904
     583 0.202529 0.0102287
     584 0.203065 0.0102678
     585 0.203391 0.0102852
     586 0.203872 0.0102979
     587 0.204200 0.0102866
     588 0.204456 0.0102730
     589 0.204974 0.0102785
     590 0.205345 0.0102838
     591 0.206034 0.0103136
     592 0.206324 0.0103277
     593 0.206707 0.0103526
     594 0.206892 0.0103794
     595 0.207231 0.0104195
     596 0.207614 0.0104603
     597 0.207845 0.0104908
     598 0.208277 0.0105386
     599 0.208580 0.0105737
     600 0.208899 0.0106028
     601 0.209252 0.0106306
     602 0.209469 0.0106472
     603 0.209830 0.0106625
     604 0.210202 0.0106726
     605 0.210521 0.0106836
     606 0.210804 0.0106904
     607 0.211037 0.0106979
     608 0.211362 0.0107175
     609 0.211698 0.0107393
     610 0.212016 0.0107652
     611 0.212161 0.0107888
     612 0.212409 0.0108233
     613 0.212834 0.0108611
     614 0.212952 0.0108807
     615 0.213361 0.0109145
     616 0.213545 0.0109328
     617 0.213716 0.0109516
     618 0.213995 0.0109760
     619 0.214280 0.0109996
     620 0.214391 0.0110174
     621 0.214681 0.0110422
     622 0.214966 0.0110634
     623 0.215076 0.0110754
     624 0.215334 0.0110958
     625 0.215560 0.0111144
     626 0.215826 0.0111348
     627 0.215843 0.0111433
     628 0.216098 0.0111654
     629 0.216315 0.0111849
     630 0.216507 0.0112007
     631 0.216798 0.0112246
     632 0.216964 0.0112423
     633 0.217173 0.0112589
     634 0.217417 0.0112706
     635 0.217623 0.0112950
     636 0.217736 0.0113163
     637 0.217873 0.0113272
     638 0.217904 0.0113293
     639 0.218081 0.0113436
     640 0.218225 0.0113601
     641 0.218592 0.0113867
     642 0.218684 0.0113949
     643 0.218946 0.0114144
     644 0.219120 0.0114339
     645 0.219207 0.0114473
     646 0.219337 0.0114632
     647 0.219573 0.0114822
     648 0.219690 0.0114917
     649 0.219854 0.0115089
     650 0.220022 0.0115262
     651 0.220292 0.0115475
     652 0.220090 0.0115450
     653 0.220250 0.0115580
     654 0.220531 0.0115792
     655 0.220676 0.0115988
     656 0.220950 0.0116290
     657 0.220787 0.0116278
     658 0.221241 0.0116534
     659 0.221360 0.0116645
     660 0.221608 0.0116832
     661 0.221721 0.0116953
     662 0.221862 0.0117105
     663 0.221864 0.0117217
     664 0.222074 0.0117416
     665 0.222190 0.0117570
     666 0.222329 0.0117761
     667 0.222506 0.0117961
     668 0.222672 0.0118165
     669 0.222745 0.0118295
     670 0.222892 0.0118402
     671 0.223078 0.0118593
     672 0.223205 0.0118784
     673 0.223499 0.0119072
     674 0.223395 0.0119165
     675 0.223557 0.0119335
     676 0.224033 0.0119656
     677 0.224172 0.0119843
     678 0.224217 0.0120009
     679 0.224250 0.0120146
     680 0.224598 0.0120426
     681 0.224659 0.0120560
     682 0.224751 0.0120694
     683 0.225083 0.0120950
     684 0.225068 0.0121017
     685 0.225268 0.0121191
     686 0.225300 0.0121225
     687 0.225746 0.0121578
     688 0.225933 0.0121978
     689 0.226235 0.0122139
     690 0.226471 0.0122258
     691 0.226446 0.0122297
     692 0.226608 0.0122397
     693 0.226926 0.0122528
     694 0.227000 0.0122541
     695 0.227157 0.0122628
     696 0.227320 0.0122653
     697 0.227582 0.0122741
     698 0.227751 0.0122806
     699 0.227959 0.0122915
     700 0.228244 0.0123070
     701 0.228655 0.0123257
     702 0.228786 0.0123275
     703 0.228912 0.0123341
     704 0.229281 0.0123461
     705 0.229380 0.0123470
     706 0.229683 0.0123663
     707 0.229799 0.0123661
     708 0.230163 0.0123798
     709 0.230529 0.0123967
     710 0.230719 0.0124061
     711 0.230998 0.0124170
     712 0.231279 0.0124287
     713 0.231535 0.0124410
     714 0.231912 0.0124594
     715 0.232149 0.0124666
     716 0.232404 0.0124729
     717 0.232735 0.0124839
     718 0.232986 0.0124956
     719 0.233391 0.0125110
     720 0.233800 0.0125267
     721 0.234163 0.0125485
     722 0.234436 0.0125696
     723 0.234670 0.0125790
     724 0.234929 0.0125832
     725 0.235427 0.0126125
     726 0.235747 0.0126251
     727 0.235985 0.0126343
     728 0.236345 0.0126565
     729 0.236739 0.0126784
     730 0.237025 0.0126928
     731 0.237233 0.0127064
     732 0.237449 0.0127259
     733 0.237874 0.0127466
     734 0.238258 0.0127715
     735 0.238573 0.0127980
     736 0.238692 0.0128059
     737 0.239152 0.0128294
     738 0.239592 0.0128586
     739 0.239777 0.0128797
     740 0.240229 0.0128961
     741 0.240462 0.0129070
     742 0.240708 0.0129274
     743 0.241127 0.0129595
     744 0.241358 0.0129725
     745 0.241743 0.0129958
     746 0.242182 0.0130266
     747 0.242444 0.0130488
     748 0.242656 0.0130681
     749 0.242890 0.0130867
     750 0.243275 0.0131121
     751 0.243602 0.0131374
     752 0.243985 0.0131620
     753 0.244254 0.0131807
     754 0.244595 0.0132065
     755 0.244849 0.0132178
     756 0.245049 0.0132327
     757 0.245417 0.0132653
     758 0.245791 0.0132995
     759 0.246008 0.0133192
     760 0.246245 0.0133445
     761 0.246577 0.0133876
     762 0.246980 0.0133701
     763 0.247345 0.0133868
     764 0.247602 0.0134104
     765 0.248058 0.0134327
     766 0.248307 0.0134532
     767 0.248536 0.0134708
     768 0.248847 0.0134930
     769 0.249030 0.0135121
     770 0.249291 0.0135300
     771 0.249508 0.0135479
     772 0.249902 0.0135768
     773 0.250259 0.0135974
     774 0.250539 0.0136148
     775 0.250832 0.0136385
     776 0.251150 0.0136668
     777 0.251330 0.0136776
     778 0.251558 0.0136965
     779 0.251951 0.0137216
     780 0.252188 0.0137288
     781 0.252369 0.0137513
     782 0.252708 0.0137774
     783 0.253044 0.0137977
     784 0.253311 0.0138203
     785 0.253627 0.0138416
     786 0.253876 0.0138547
     787 0.254090 0.0138673
     788 0.254407 0.0138985
     789 0.254669 0.0139198
     790 0.254830 0.0139326
     791 0.255067 0.0139511
     792 0.255289 0.0139628
     793 0.255482 0.0139781
     794 0.255694 0.0139979
     795 0.256027 0.0140220
     796 0.256240 0.0140342
     797 0.256377 0.0140515
     798 0.256584 0.0140766
     799 0.256763 0.0140882
     800 0.256941 0.0141041
     801 0.257127 0.0141228
     802 0.257325 0.0141399
     803 0.257494 0.0141474
     804 0.257663 0.0141644
     805 0.257852 0.0141861
     806 0.258026 0.0142029
     807 0.258280 0.0142209
     808 0.258342 0.0142227
     809 0.258501 0.0142328
     810 0.258727 0.0142574
     811 0.258856 0.0142771
     812 0.259029 0.0142915
     813 0.259168 0.0142979
     814 0.259288 0.0143056
     815 0.259447 0.0143157
     816 0.259659 0.0143283
     817 0.259664 0.0143319
     818 0.259595 0.0143394
     819 0.259548 0.0143361
     820 0.259652 0.0143493
     821 0.260028 0.0143908
     822 0.260072 0.0143944
     823 0.260021 0.0143871
     824 0.260070 0.0143913
     825 0.260259 0.0144168
     826 0.260369 0.0144471
     827 0.260469 0.0144661
     828 0.260533 0.0144728
     829 0.260541 0.0144759
     830 0.260661 0.0144895
     831 0.260725 0.0144962
     832 0.260564 0.0144905
     833 0.260625 0.0145081
     834 0.260676 0.0145125
     835 0.260742 0.0145227
     836 0.260796 0.0145436
     837 0.260884 0.0145645
     838 0.260863 0.0145674
     839 0.260822 0.0145642
     840 0.260855 0.0145714
     841 0.260778 0.0145910
     842 0.260926 0.0146118
     843 0.261012 0.0146202
     844 0.261076 0.0146301
     845 0.261280 0.0146556
     846 0.260987 0.0146522
     847 0.260749 0.0146492
     848 0.260832 0.0146651
     849 0.260930 0.0146994
     850 0.260993 0.0147066
     851 0.260999 0.0146881
     852 0.260876 0.0146753
     853 0.260953 0.0146890
     854 0.261003 0.0147025
     855 0.260963 0.0147045
     856 0.260716 0.0146911
     857 0.260625 0.0146960
     858 0.260924 0.0147311
     859 0.260874 0.0147462
     860 0.260756 0.0147422
     861 0.260607 0.0147451
     862 0.260849 0.0147715
     863 0.260877 0.0147807
     864 0.260785 0.0147893
     865 0.260851 0.0147961
     866 0.260676 0.0147857
     867 0.260861 0.0148043
     868 0.260710 0.0148166
     869 0.260596 0.0148122
     870 0.260601 0.0148085
     871 0.260706 0.0148253
     872 0.260768 0.0148330
     873 0.260858 0.0148455
     874 0.260813 0.0148551
     875 0.260522 0.0148520
     876 0.260568 0.0148707
     877 0.260556 0.0148767
     878 0.260672 0.0148904
     879 0.260802 0.0149236
     880 0.260756 0.0149151
     881 0.260792 0.0149272
     882 0.260801 0.0149379
     883 0.260860 0.0149511
     884 0.260892 0.0149621
     885 0.260936 0.0149724
     886 0.260946 0.0149834
     887 0.260965 0.0149952
     888 0.260991 0.0150045
     889 0.260999 0.0150105
     890 0.261020 0.0150162
     891 0.260963 0.0150190
     892 0.260948 0.0150241
     893 0.260952 0.0150260
     894 0.260908 0.0150260
     895 0.260892 0.0150294
     896 0.260866 0.0150329
     897 0.260886 0.0150382
     898 0.260897 0.0150431
     899 0.260900 0.0150513
     900 0.260925 0.0150626
     901 0.260984 0.0150730
     902 0.261053 0.0150821
     903 0.261103 0.0150904
     904 0.261182 0.0151046
     905 0.261267 0.0151200
     906 0.261305 0.0151331
     907 0.261327 0.0151442
     908 0.261330 0.0151528
     909 0.261396 0.0151665
     910 0.261459 0.0151807
     911 0.261514 0.0151955
     912 0.261545 0.0152101
     913 0.261628 0.0152218
     914 0.261750 0.0152377
     915 0.261841 0.0152533
     916 0.261938 0.0152686
     917 0.262089 0.0152864
     918 0.262250 0.0153082
     919 0.262415 0.0153283
     920 0.262455 0.0153373
     921 0.262540 0.0153514
     922 0.262606 0.0153623
     923 0.262692 0.0153744
     924 0.262673 0.0153843
     925 0.262625 0.0153904
     926 0.262517 0.0154056
     927 0.262361 0.0154282
     928 0.262129 0.0154565
     929 0.261803 0.0155115
     930 0.261503 0.0156115
     931 0.261226 0.0157410
     932 0.260929 0.0158707
     933 0.260722 0.0160063
     934 0.260568 0.0161373
     935 0.260432 0.0162476
     936 0.260355 0.0163361
     937 0.260362 0.0163948
     938 0.260395 0.0164207
     939 0.260493 0.0164309
     940 0.260709 0.0164175
     941 0.260877 0.0163667
     942 0.261166 0.0163390
     943 0.261376 0.0163291
     944 0.261541 0.0163287
     945 0.261643 0.0163408
     946 0.261807 0.0163588
     947 0.261910 0.0163774
     948 0.262033 0.0163992
     949 0.262228 0.0164319
     950 0.262372 0.0164376
     951 0.262560 0.0164310
     952 0.262733 0.0164302
     953 0.262873 0.0164099
     954 0.263157 0.0163827
     955 0.263448 0.0163467
     956 0.263795 0.0163042
     957 0.264133 0.0162768
     958 0.264438 0.0162553
     959 0.264795 0.0162308
     960 0.265110 0.0161944
     961 0.265465 0.0161729
     962 0.265693 0.0161558
     963 0.266149 0.0161575
     964 0.266340 0.0161437
     965 0.266567 0.0161327
     966 0.266840 0.0161419
     967 0.266997 0.0161552
     968 0.267143 0.0161677
     969 0.267368 0.0161865
     970 0.267579 0.0162069
     971 0.267785 0.0162322
     972 0.268038 0.0162642
     973 0.268328 0.0162930
     974 0.268337 0.0162946
     975 0.268712 0.0163199
     976 0.269097 0.0163559
     977 0.269349 0.0163799
     978 0.269533 0.0163910
     979 0.269894 0.0164151
     980 0.270048 0.0164341
     981 0.270263 0.0164636
     982 0.270469 0.0164930
     983 0.270641 0.0165137
     984 0.270825 0.0165297
     985 0.271092 0.0165532
     986 0.271134 0.0165659
     987 0.271191 0.0165764
     988 0.271311 0.0165942
     989 0.271478 0.0166233
     990 0.271523 0.0166392
     991 0.271740 0.0166583
     992 0.271781 0.0166600
     993 0.271852 0.0166662
     994 0.272034 0.0166873
     995 0.272153 0.0166981
     996 0.272327 0.0167177
     997 0.272535 0.0167375
     998 0.272619 0.0167509
     999 0.272730 0.0167623
    1000 0.272811 0.0167676
    1001 0.272938 0.0167765
    1002 0.273077 0.0167851
    1003 0.273279 0.0167978
    1004 0.273455 0.0168032
    1005 0.273535 0.0167964
    1006 0.273666 0.0168037
    1007 0.273823 0.0168096
    1008 0.273991 0.0168161
    1009 0.274181 0.0168229
    1010 0.274345 0.0168282
    1011 0.274584 0.0168392
    1012 0.274803 0.0168505
    1013 0.274989 0.0168589
    1014 0.275077 0.0168586
    1015 0.275177 0.0168594
    1016 0.275294 0.0168619
    1017 0.275450 0.0168652
    1018 0.275542 0.0168635
    1019 0.275657 0.0168627
    1020 0.275770 0.0168622
    1021 0.275797 0.0168691
    1022 0.276045 0.0168628
    1023 0.276003 0.0168533
    1024 0.276171 0.0168481
    1025 0.276530 0.0168613
    1026 0.276823 0.0168763
    1027 0.276968 0.0169147
    1028 0.277133 0.0169244
    1029 0.277485 0.0169335
    1030 0.276935 0.0168764
    1031 0.277074 0.0168848
    1032 0.277267 0.0168911
    1033 0.277419 0.0169033
    1034 0.277677 0.0169393
    1035 0.277515 0.0169196
    1036 0.277634 0.0169190
    1037 0.277990 0.0169526
    1038 0.277962 0.0169353
    1039 0.277725 0.0168967
    1040 0.278285 0.0169290
    1041 0.278177 0.0169199
    1042 0.278266 0.0169232
    1043 0.278575 0.0169403
    1044 0.278698 0.0169570
    1045 0.278731 0.0169628
    1046 0.279100 0.0169715
    1047 0.279049 0.0169572
    1048 0.279212 0.0169582
    1049 0.279112 0.0169236
    1050 0.278983 0.0168909
    1051 0.279183 0.0168952
    1052 0.279387 0.0168981
    1053 0.279705 0.0169074
    1054 0.279962 0.0169174
    1055 0.279910 0.0169183
    1056 0.279998 0.0169136
    1057 0.280032 0.0169003
    1058 0.280161 0.0169143
    1059 0.280276 0.0169242
    1060 0.280292 0.0169245
    1061 0.280219 0.0169290
    1062 0.280207 0.0169305
    1063 0.280165 0.0169266
    1064 0.280301 0.0169291
    1065 0.280646 0.0169413
    1066 0.280784 0.0169395
    1067 0.280849 0.0169261
    1068 0.280905 0.0169118
    1069 0.280945 0.0168940
    1070 0.281202 0.0168957
    1071 0.281216 0.0168826
    1072 0.281234 0.0168673
    1073 0.281555 0.0169024
    1074 0.281630 0.0169295
    1075 0.281556 0.0169157
    1076 0.281647 0.0169210
    1077 0.281842 0.0169317
    1078 0.281960 0.0169213
    1079 0.282041 0.0169410
    1080 0.282164 0.0169717
    1081 0.282182 0.0169747
    1082 0.282091 0.0169553
    1083 0.282216 0.0169635
    1084 0.282362 0.0169703
    1085 0.282531 0.0169638
    1086 0.282771 0.0169927
    1087 0.282981 0.0170116
    1088 0.282697 0.0169816
    1089 0.282395 0.0169794
    1090 0.282530 0.0170006
    1091 0.282582 0.0169974
    1092 0.282672 0.0170097
    1093 0.282904 0.0170334
    1094 0.282990 0.0170496
    1095 0.283092 0.0170756
    1096 0.283218 0.0170958
    1097 0.283391 0.0171200
    1098 0.283550 0.0171303
    1099 0.283515 0.0171154
    1100 0.283631 0.0171120
    1101 0.283804 0.0171161
    1102 0.283802 0.0171244
    1103 0.283885 0.0171420
    1104 0.283998 0.0171673
    1105 0.284040 0.0171899
    1106 0.284218 0.0172085
    1107 0.284288 0.0172306
    1108 0.284443 0.0172585
    1109 0.284610 0.0173016
    1110 0.284612 0.0173529
    1111 0.284593 0.0174074
    1112 0.284556 0.0175086
    1113 0.284715 0.0175792
    1114 0.284905 0.0176337
    1115 0.284919 0.0176555
    1116 0.284849 0.0176841
    1117 0.285100 0.0176899
    1118 0.285221 0.0177402
    1119 0.285354 0.0177774
    1120 0.285628 0.0176931
    1121 0.285821 0.0176191
    1122 0.286128 0.0175352
    1123 0.286306 0.0173711
    1124 0.286358 0.0172634
    1125 0.286455 0.0171918
    1126 0.286682 0.0171491
    1127 0.286817 0.0171840
    1128 0.286914 0.0171423
    1129 0.287046 0.0170937
    1130 0.287100 0.0170625
    1131 0.287129 0.0169931
    1132 0.287176 0.0169269
    1133 0.287462 0.0169121
    1134 0.287688 0.0169273
    1135 0.287742 0.0169504
    1136 0.287681 0.0169696
    1137 0.287719 0.0170180
    1138 0.287763 0.0171129
    1139 0.287888 0.0171726
    1140 0.287962 0.0172428
    1141 0.287996 0.0172740
    1142 0.288014 0.0172590
    1143 0.288085 0.0172823
    1144 0.288271 0.0173288
    1145 0.288356 0.0173437
    1146 0.288553 0.0173471
    1147 0.288666 0.0173403
    1148 0.288629 0.0172672
    1149 0.288682 0.0172102
    1150 0.288767 0.0171668
    1151 0.289045 0.0171379
    1152 0.289128 0.0171098
    1153 0.289185 0.0170840
    1154 0.289229 0.0170703
    1155 0.289286 0.0170711
    1156 0.289468 0.0170856
    1157 0.289594 0.0171021
    1158 0.289718 0.0171197
    1159 0.289747 0.0171378
    1160 0.289937 0.0171576
    1161 0.290180 0.0171973
    1162 0.290300 0.0172239
    1163 0.290341 0.0172365
    1164 0.290414 0.0172663
    1165 0.290665 0.0172949
    1166 0.290906 0.0173110
    1167 0.291049 0.0173329
    1168 0.291255 0.0173674
    1169 0.291418 0.0173874
    1170 0.291445 0.0173982
    1171 0.291667 0.0174194
    1172 0.291848 0.0174300
    1173 0.292044 0.0174474
    1174 0.292206 0.0174695
    1175 0.292348 0.0174841
    1176 0.292517 0.0175020
    1177 0.292690 0.0175129
    1178 0.292901 0.0175205
    1179 0.293218 0.0175356
    1180 0.293320 0.0175418
    1181 0.293394 0.0175503
    1182 0.293544 0.0175551
    1183 0.293661 0.0175591
    1184 0.293959 0.0175684
    1185 0.294120 0.0175583
    1186 0.294304 0.0175580
    1187 0.294545 0.0175648
    1188 0.294754 0.0175669
    1189 0.294978 0.0175663
    1190 0.295033 0.0175621
    1191 0.295217 0.0175699
    1192 0.295355 0.0175731
    1193 0.295573 0.0175826
    1194 0.295883 0.0176042
    1195 0.296015 0.0176020
    1196 0.296132 0.0175925
    1197 0.296297 0.0176006
    1198 0.296386 0.0176113
    1199 0.296549 0.0176180
    1200 0.296745 0.0176382
    1201 0.296976 0.0176450
    1202 0.297125 0.0176279
    1203 0.297213 0.0176190
    1204 0.297426 0.0176186
    1205 0.297753 0.0176245
    1206 0.297829 0.0176207
    1207 0.297912 0.0176138
    1208 0.298056 0.0176023
    1209 0.298195 0.0175999
    1210 0.298508 0.0176122
    1211 0.298802 0.0176245
    1212 0.298853 0.0176241
    1213 0.299021 0.0176396
    1214 0.299222 0.0176465
    1215 0.299373 0.0176456
    1216 0.299662 0.0176540
    1217 0.299734 0.0176427
    1218 0.299862 0.0176442
    1219 0.300129 0.0176594
    1220 0.300225 0.0176620
    1221 0.300409 0.0176754
    1222 0.300540 0.0176817
    1223 0.300740 0.0176902
    1224 0.300910 0.0176947
    1225 0.301177 0.0177059
    1226 0.301346 0.0177060
    1227 0.301452 0.0176989
    1228 0.301643 0.0176910
    1229 0.301850 0.0176885
    1230 0.302004 0.0176792
    1231 0.302146 0.0176761
    1232 0.302354 0.0176801
    1233 0.302562 0.0176859
    1234 0.302671 0.0176904
    1235 0.302722 0.0176896
    1236 0.302845 0.0176976
    1237 0.302904 0.0176953
    1238 0.303142 0.0176996
    1239 0.303163 0.0176915
    1240 0.303120 0.0176759
    1241 0.303637 0.0176940
    1242 0.303695 0.0176858
    1243 0.303785 0.0176795
    1244 0.304004 0.0176805
    1245 0.304204 0.0176776
    1246 0.304463 0.0176852
    1247 0.304754 0.0176975
    1248 0.304827 0.0176980
    1249 0.305309 0.0177283
    1250 0.305474 0.0177354
    1251 0.305566 0.0177381
    1252 0.305856 0.0177501
    1253 0.306002 0.0177516
    1254 0.306298 0.0177614
    1255 0.306618 0.0177682
    1256 0.306567 0.0177577
    1257 0.306896 0.0177682
    1258 0.306986 0.0177693
    1259 0.307095 0.0177815
    1260 0.307423 0.0177983
    1261 0.307599 0.0178036
    1262 0.307777 0.0178113
    1263 0.307903 0.0178084
    1264 0.308086 0.0178013
    1265 0.308220 0.0177911
    1266 0.308579 0.0177912
    1267 0.308675 0.0177751
    1268 0.308991 0.0177706
    1269 0.309279 0.0177601
    1270 0.309466 0.0177416
    1271 0.309715 0.0177267
    1272 0.309930 0.0176942
    1273 0.310102 0.0176839
    1274 0.310268 0.0176867
    1275 0.310435 0.0176896
    1276 0.310335 0.0176962
    1277 0.310626 0.0177155
    1278 0.310774 0.0177178
    1279 0.310932 0.0177279
    1280 0.311124 0.0177421
    1281 0.311285 0.0177597
    1282 0.311289 0.0177563
    1283 0.311676 0.0177735
    1284 0.311880 0.0177794
    1285 0.312127 0.0177754
    1286 0.312352 0.0177821
    1287 0.312606 0.0178038
    1288 0.312735 0.0178029
    1289 0.312879 0.0177952
    1290 0.313191 0.0178023
    1291 0.313305 0.0177900
    1292 0.313589 0.0177953
    1293 0.313746 0.0177998
    1294 0.313855 0.0178030
    1295 0.313977 0.0178152
    1296 0.314107 0.0178198
    1297 0.314359 0.0178251
    1298 0.314383 0.0178257
    1299 0.314579 0.0178376
    1300 0.314696 0.0178301
    1301 0.315036 0.0178454
    1302 0.315264 0.0178612
    1303 0.315282 0.0178623
    1304 0.315525 0.0178762
    1305 0.315725 0.0178840
    1306 0.315901 0.0178900
    1307 0.316000 0.0178916
    1308 0.316113 0.0178906
    1309 0.316270 0.0178925
    1310 0.316449 0.0179020
    1311 0.316314 0.0178835
    1312 0.316768 0.0178856
    1313 0.316949 0.0178791
    1314 0.317082 0.0178652
    1315 0.317243 0.0178596
    1316 0.317434 0.0178595
    1317 0.317632 0.0178670
    1318 0.317657 0.0178689
    1319 0.317847 0.0178774
    1320 0.318087 0.0178871
    1321 0.318373 0.0178954
    1322 0.318506 0.0179084
    1323 0.318655 0.0179234
    1324 0.318824 0.0179484
    1325 0.318892 0.0179904
    1326 0.318946 0.0180149
    1327 0.319135 0.0180523
    1328 0.319272 0.0180656
    1329 0.319296 0.0180566
    1330 0.319476 0.0180525
    1331 0.319548 0.0180157
    1332 0.319664 0.0179935
    1333 0.319904 0.0179733
    1334 0.320115 0.0179597
    1335 0.320303 0.0179486
    1336 0.320313 0.0179372
    1337 0.320561 0.0179405
    1338 0.320699 0.0179553
    1339 0.320798 0.0180048
    1340 0.320833 0.0180451
    1341 0.320824 0.0181000
    1342 0.320757 0.0181992
    1343 0.320728 0.0182809
    1344 0.320677 0.0183759
    1345 0.320696 0.0184777
    1346 0.320539 0.0185886
    1347 0.320409 0.0187084
    1348 0.320267 0.0188566
    1349 0.320092 0.0190048
    1350 0.320112 0.0191388
    1351 0.319947 0.0193078
    1352 0.319864 0.0191723
    1353 0.319757 0.0192785
    1354 0.319321 0.0196434
    1355 0.320763 0.0218466
    1356 0.321330 0.0231933
    1357 0.321742 0.0254133
    1358 0.322494 0.0277018
    1359 0.323445 0.0301127
    1360 0.324038 0.0320966
    1361 0.324531 0.0344631
    1362 0.325258 0.0365812
    1363 0.325981 0.0389464
    1364 0.326300 0.0422374
    1365 0.326540 0.0466253
    1366 0.326596 0.0519212
    1367 0.326589 0.0580045
    1368 0.325674 0.0629882
    1369 0.324908 0.0679595
    1370 0.326563 0.0722883
    1371 0.330099 0.0762862
    1372 0.337674 0.0796226
    1373 0.345624 0.0825032
    1374 0.352435 0.0848313
    1375 0.354776 0.0857668
    1376 0.354690 0.0859271
    1377 0.353053 0.0847994
    1378 0.352639 0.0830633
    1379 0.355164 0.0807273
    1380 0.357041 0.0782982
    1381 0.356986 0.0761338
    1382 0.354846 0.0744631
    1383 0.346451 0.0734725
    1384 0.336701 0.0730814
    1385 0.327369 0.0715618
    1386 0.323152 0.0701118
    1387 0.322870 0.0691245
    1388 0.324628 0.0689164
    1389 0.326197 0.0686633
    1390 0.326067 0.0692093
    1391 0.325625 0.0689984
    1392 0.324170 0.0672672
    1393 0.322426 0.0643781
    1394 0.322883 0.0606149
    1395 0.324183 0.0567196
    1396 0.335500 0.0563086
    1397 0.331822 0.0496259
    1398 0.322005 0.0458365
    1399 0.320499 0.0416178
    1400 0.323013 0.0377011
    1401 0.323477 0.0361022
    1402 0.324162 0.0357897
    1403 0.329526 0.0333348
    1404 0.326909 0.0291328
    1405 0.323654 0.0270089
    1406 0.321319 0.0249135
    1407 0.317424 0.0215620
    1408 0.316759 0.0207704
    1409 0.316599 0.0196214
    1410 0.316646 0.0189012
    1411 0.316865 0.0184957
    1412 0.317597 0.0181170
    1413 0.318709 0.0177258
    1414 0.319104 0.0177260
    1415 0.319358 0.0179649
    1416 0.319622 0.0178159
    1417 0.319580 0.0172912
    1418 0.319706 0.0175188
    1419 0.319878 0.0180112
    1420 0.320430 0.0181218
    1421 0.321202 0.0185968
    1422 0.321632 0.0185402
    1423 0.322196 0.0179690
    1424 0.322423 0.0177777
    1425 0.322451 0.0176114
    1426 0.322253 0.0175431
    1427 0.322328 0.0176263
    1428 0.322627 0.0176774
    1429 0.323204 0.0176526
    1430 0.323698 0.0177797
    1431 0.324202 0.0178294
    1432 0.324656 0.0178314
    1433 0.324722 0.0179659
    1434 0.324676 0.0179985
    1435 0.324691 0.0179912
    1436 0.324702 0.0180840
    1437 0.324804 0.0180268
    1438 0.325208 0.0178276
    1439 0.325497 0.0178224
    1440 0.325889 0.0178545
    1441 0.326490 0.0178967
    1442 0.326885 0.0180148
    1443 0.327150 0.0180667
    1444 0.327256 0.0180925
    1445 0.327347 0.0180755
    1446 0.327583 0.0180631
    1447 0.327999 0.0180649
    1448 0.328313 0.0180152
    1449 0.328658 0.0180130
    1450 0.328993 0.0180401
    1451 0.329248 0.0180531
    1452 0.329640 0.0180608
    1453 0.329936 0.0180849
    1454 0.330077 0.0181148
    1455 0.330290 0.0181488
    1456 0.330481 0.0181891
    1457 0.330674 0.0182297
    1458 0.330754 0.0182710
    1459 0.330939 0.0183117
    1460 0.331086 0.0183820
    1461 0.331040 0.0184310
    1462 0.330929 0.0184778
    1463 0.330991 0.0185433
    1464 0.331009 0.0185639
    1465 0.331181 0.0185692
    1466 0.331271 0.0185660
    1467 0.331501 0.0185460
    1468 0.331576 0.0185057
    1469 0.331752 0.0184555
    1470 0.331835 0.0184196
    1471 0.331972 0.0183713
    1472 0.332314 0.0183618
    1473 0.332659 0.0183795
    1474 0.332896 0.0183899
    1475 0.333257 0.0184149
    1476 0.333612 0.0184399
    1477 0.333901 0.0184679
    1478 0.334196 0.0184913
    1479 0.334438 0.0185144
    1480 0.334741 0.0185327
    1481 0.335180 0.0185605
    1482 0.335435 0.0185655
    1483 0.335679 0.0185550
    1484 0.335959 0.0185548
    1485 0.336137 0.0185438
    1486 0.336383 0.0185474
    1487 0.336549 0.0185480
    1488 0.336606 0.0185611
    1489 0.336775 0.0185698
    1490 0.337044 0.0185783
    1491 0.337260 0.0186015
    1492 0.337411 0.0186199
    1493 0.337500 0.0186349
    1494 0.337724 0.0186721
    1495 0.337872 0.0186991
    1496 0.337991 0.0187112
    1497 0.338141 0.0187258
    1498 0.338315 0.0187382
    1499 0.338505 0.0187591
    1500 0.338669 0.0187777
    1501 0.338775 0.0187943
    1502 0.339027 0.0188300
    1503 0.339284 0.0188510
    1504 0.339311 0.0188511
    1505 0.339513 0.0188625
    1506 0.339688 0.0188674
    1507 0.339848 0.0188736
    1508 0.340151 0.0188860
    1509 0.340374 0.0188982
    1510 0.340482 0.0189097
    1511 0.340691 0.0189209
    1512 0.340973 0.0189326
    1513 0.341133 0.0189415
    1514 0.341344 0.0189491
    1515 0.341466 0.0189585
    1516 0.341554 0.0189786
    1517 0.341643 0.0189885
    1518 0.341810 0.0189972
    1519 0.342076 0.0190131
    1520 0.342407 0.0190289
    1521 0.342391 0.0190264
    1522 0.342453 0.0190321
    1523 0.342713 0.0190469
    1524 0.342904 0.0190498
    1525 0.343356 0.0190783
    1526 0.343557 0.0190945
    1527 0.343835 0.0191131
    1528 0.343835 0.0191198
    1529 0.343803 0.0191156
    1530 0.344047 0.0191346
    1531 0.344183 0.0191455
    1532 0.344116 0.0191378
    1533 0.344532 0.0191634
    1534 0.344526 0.0191565
    1535 0.344627 0.0191432
    1536 0.344793 0.0191467
    1537 0.344980 0.0191537
    1538 0.345082 0.0191577
    1539 0.345264 0.0191734
    1540 0.345231 0.0191719
    1541 0.345547 0.0191893
    1542 0.345658 0.0191930
    1543 0.345708 0.0191893
    1544 0.345847 0.0191932
    1545 0.346092 0.0192010
    1546 0.345979 0.0191943
    1547 0.346302 0.0192212
    1548 0.346633 0.0192367
    1549 0.346477 0.0192208
    1550 0.346639 0.0192238
    1551 0.346659 0.0192109
    1552 0.346860 0.0192139
    1553 0.347070 0.0192225
    1554 0.346858 0.0192051
    1555 0.347242 0.0192173
    1556 0.347453 0.0192246
    1557 0.347525 0.0192283
    1558 0.347781 0.0192409
    1559 0.347876 0.0192431
    1560 0.348139 0.0192605
    1561 0.348347 0.0192856
    1562 0.348710 0.0193052
    1563 0.348701 0.0192968
    1564 0.348949 0.0193095
    1565 0.349093 0.0193040
    1566 0.349019 0.0192960
    1567 0.349233 0.0193226
    1568 0.349335 0.0193342
    1569 0.349417 0.0193481
    1570 0.349587 0.0193561
    1571 0.349765 0.0193573
    1572 0.349951 0.0193522
    1573 0.349959 0.0193297
    1574 0.350187 0.0193194
    1575 0.350290 0.0193182
    1576 0.350496 0.0193306
    1577 0.350606 0.0193375
    1578 0.350648 0.0193409
    1579 0.350692 0.0193320
    1580 0.350973 0.0193359
    1581 0.351154 0.0193409
    1582 0.351189 0.0193411
    1583 0.351150 0.0193343
    1584 0.351333 0.0193428
    1585 0.351605 0.0193519
    1586 0.351746 0.0193467
    1587 0.351988 0.0193567
    1588 0.352059 0.0193629
    1589 0.352096 0.0193649
    1590 0.352445 0.0193861
    1591 0.352546 0.0193947
    1592 0.352601 0.0194021
    1593 0.352611 0.0194014
    1594 0.352846 0.0194149
    1595 0.352815 0.0194082
    1596 0.353216 0.0194129
    1597 0.353257 0.0194112
    1598 0.353304 0.0194128
    1599 0.353528 0.0194275
    1600 0.353526 0.0194402
    1601 0.353579 0.0194480
    1602 0.353600 0.0194505
    1603 0.354033 0.0194794
    1604 0.354310 0.0195046
    1605 0.354322 0.0195040
    1606 0.354664 0.0195167
    1607 0.354567 0.0195082
    1608 0.354698 0.0195031
    1609 0.354742 0.0194979
    1610 0.355155 0.0195176
    1611 0.355272 0.0195236
    1612 0.355511 0.0195369
    1613 0.355508 0.0195372
    1614 0.355566 0.0195484
    1615 0.355788 0.0195620
    1616 0.355908 0.0195614
    1617 0.355900 0.0195611
    1618 0.355918 0.0195628
    1619 0.355913 0.0195673
    1620 0.356143 0.0195966
    1621 0.356103 0.0195990
    1622 0.356557 0.0196256
    1623 0.356370 0.0196139
    1624 0.356425 0.0196025
    1625 0.356635 0.0196091
    1626 0.356827 0.0196255
    1627 0.356644 0.0196095
    1628 0.356885 0.0196078
    1629 0.357023 0.0196108
    1630 0.357227 0.0196167
    1631 0.357294 0.0196143
    1632 0.357303 0.0196149
    1633 0.357302 0.0196175
    1634 0.357538 0.0196293
    1635 0.357617 0.0196354
    1636 0.357861 0.0196634
    1637 0.357908 0.0196712
    1638 0.358176 0.0196840
    1639 0.358303 0.0196896
    1640 0.358336 0.0196824
    1641 0.358532 0.0196921
    1642 0.358756 0.0197093
    1643 0.358897 0.0197184
    1644 0.358935 0.0197243
    1645 0.358996 0.0197316
    1646 0.359201 0.0197458
    1647 0.359281 0.0197507
    1648 0.359286 0.0197534
    1649 0.359500 0.0197644
    1650 0.359682 0.0197651
    1651 0.359791 0.0197668
    1652 0.359781 0.0197658
    1653 0.359971 0.0197735
    1654 0.360106 0.0197759
    1655 0.360063 0.0197734
    1656 0.360304 0.0197947
    1657 0.360517 0.0198038
    1658 0.360519 0.0197920
    1659 0.360628 0.0197967
    1660 0.360555 0.0197882
    1661 0.360636 0.0197909
    1662 0.360909 0.0198222
    1663 0.360997 0.0198337
    1664 0.361211 0.0198416
    1665 0.361389 0.0198450
    1666 0.361388 0.0198400
    1667 0.361381 0.0198454
    1668 0.361460 0.0198563
    1669 0.361473 0.0198599
    1670 0.361786 0.0198698
    1671 0.361909 0.0198618
    1672 0.361902 0.0198579
    1673 0.361875 0.0198557
    1674 0.362029 0.0198744
    1675 0.362266 0.0199043
    1676 0.362396 0.0199090
    1677 0.362287 0.0199037
    1678 0.362541 0.0199234
    1679 0.362544 0.0199241
    1680 0.362429 0.0199299
    1681 0.362676 0.0199527
    1682 0.362903 0.0199702
    1683 0.362801 0.0199721
    1684 0.363061 0.0199739
    1685 0.363353 0.0199753
    1686 0.363433 0.0199750
    1687 0.363255 0.0199543
    1688 0.363238 0.0199569
    1689 0.363526 0.0199957
    1690 0.363739 0.0200130
    1691 0.363732 0.0200068
    1692 0.363867 0.0200089
    1693 0.363993 0.0200059
    1694 0.363989 0.0200068
    1695 0.364189 0.0200233
    1696 0.364579 0.0200442
    1697 0.364478 0.0200418
    1698 0.364742 0.0200664
    1699 0.364820 0.0200704
    1700 0.364966 0.0200918
    1701 0.364999 0.0201107
    1702 0.365022 0.0200891
    1703 0.365349 0.0200916
    1704 0.365629 0.0200993
    1705 0.365457 0.0200738
    1706 0.365685 0.0200972
    1707 0.365712 0.0201110
    1708 0.365810 0.0201083
    1709 0.365906 0.0201137
    1710 0.365976 0.0201096
    1711 0.366072 0.0201116
    1712 0.366223 0.0201368
    1713 0.366195 0.0201360
    1714 0.366375 0.0201545
    1715 0.366458 0.0201706
    1716 0.366552 0.0201844
    1717 0.366452 0.0201962
    1718 0.366505 0.0202079
    1719 0.366490 0.0202171
    1720 0.366479 0.0202143
    1721 0.366579 0.0202111
    1722 0.366722 0.0202313
    1723 0.366825 0.0202492
    1724 0.366804 0.0202527
    1725 0.366607 0.0202453
    1726 0.366280 0.0202009
    1727 0.366046 0.0201707
    1728 0.365913 0.0201896
    1729 0.366031 0.0202121
    1730 0.365771 0.0202180
    1731 0.365763 0.0202375
    1732 0.366174 0.0202292
    1733 0.366414 0.0202257
    1734 0.366707 0.0202543
    1735 0.366916 0.0202721
    1736 0.367187 0.0203146
    1737 0.366964 0.0203157
    1738 0.366851 0.0202903
    1739 0.366945 0.0202922
    1740 0.366829 0.0203125
    1741 0.366703 0.0203132
    1742 0.366767 0.0203519
    1743 0.366506 0.0203375
    1744 0.366277 0.0202741
    1745 0.366449 0.0202585
    1746 0.366577 0.0202247
    1747 0.366546 0.0202136
    1748 0.366619 0.0202352
    1749 0.366422 0.0202352
    1750 0.366446 0.0202755
    1751 0.366571 0.0203018
    1752 0.366573 0.0203098
    1753 0.366582 0.0203158
    1754 0.366693 0.0203215
    1755 0.366735 0.0203135
    1756 0.366766 0.0202891
    1757 0.366745 0.0202716
    1758 0.366908 0.0202574
    1759 0.366774 0.0202452
    1760 0.366525 0.0202469
    1761 0.366500 0.0202508
    1762 0.366372 0.0202471
    1763 0.366313 0.0202550
    1764 0.366547 0.0202811
    1765 0.366373 0.0202779
    1766 0.366422 0.0202959
    1767 0.366716 0.0203269
    1768 0.366760 0.0203413
    1769 0.366886 0.0203424
    1770 0.366891 0.0203379
    1771 0.366879 0.0203214
    1772 0.366802 0.0202488
    1773 0.366595 0.0202223
    1774 0.366408 0.0202311
    1775 0.366167 0.0202250
    1776 0.365862 0.0202506
    1777 0.365787 0.0202562
    1778 0.365969 0.0202514
    1779 0.366114 0.0202780
    1780 0.365723 0.0202337
    1781 0.365793 0.0202235
    1782 0.366032 0.0202367
    1783 0.365806 0.0201909
    1784 0.365621 0.0202019
    1785 0.365679 0.0202260
    1786 0.365653 0.0202300
    1787 0.365663 0.0202454
    1788 0.365601 0.0202305
    1789 0.365600 0.0202750
    1790 0.365573 0.0202916
    1791 0.365713 0.0202458
    1792 0.365580 0.0201996
    1793 0.365563 0.0201675
    1794 0.365540 0.0201925
    1795 0.365212 0.0202806
    1796 0.364914 0.0203807
    1797 0.364691 0.0203846
    1798 0.364417 0.0203155
    1799 0.364400 0.0202724
    1800 0.364343 0.0201764
    1801 0.364343 0.0201764
    1802 0.364412 0.0201289
    1803 0.364547 0.0200805
    1804 0.364735 0.0200382
    1805 0.364994 0.0197818
    1806 0.365222 0.0197192
    1807 0.365363 0.0196617
    1808 0.365532 0.0196569
    1809 0.365874 0.0197181
    1810 0.366293 0.0198894
    1811 0.366856 0.0203797
    1812 0.367597 0.0210296
    1813 0.368492 0.0216410
    1814 0.369069 0.0222470
    1815 0.369492 0.0229191
    1816 0.369730 0.0233384
    1817 0.369880 0.0239879
    1818 0.369920 0.0251926
    1819 0.370052 0.0268131
    1820 0.370766 0.0284283
    1821 0.372105 0.0299515
    1822 0.374879 0.0306349
    1823 0.378532 0.0317860
    1824 0.382531 0.0342514
    1825 0.386377 0.0380869
    1826 0.389954 0.0436125
    1827 0.390145 0.0465542
    1828 0.389113 0.0501897
    1829 0.388498 0.0548657
    1830 0.390189 0.0610203
    1831 0.398398 0.0734770
    1832 0.410510 0.0901828
    1833 0.420187 0.110880
    1834 0.428376 0.126361
    1835 0.435658 0.141340
    1836 0.437287 0.150064
    1837 0.436068 0.159928
    1838 0.436405 0.168055
    1839 0.441378 0.177545
    1840 0.460546 0.190898
    1841 0.483629 0.204084
    1842 0.507793 0.211283
    1843 0.534321 0.211438
    1844 0.562568 0.206319
    1845 0.572397 0.207159
    1846 0.582958 0.209495
    1847 0.599398 0.203597
    1848 0.616156 0.197414
    1849 0.635733 0.197117
    1850 0.653440 0.195106
    1851 0.657747 0.182260
    1852 0.655350 0.176187
    1853 0.639769 0.175668
    1854 0.613691 0.177113
    1855 0.586849 0.185491
    1856 0.580231 0.186758
    1857 0.574955 0.190689
    1858 0.577192 0.192237
    1859 0.582149 0.197924
    1860 0.576053 0.208377
    1861 0.567253 0.218132
    1862 0.563731 0.215840
    1863 0.560792 0.212384
    1864 0.565546 0.208501
    1865 0.580211 0.199982
    1866 0.594527 0.192231
    1867 0.598914 0.193606
    1868 0.601190 0.199015
    1869 0.601619 0.206406
    1870 0.604814 0.217296
    1871 0.617581 0.225379
    1872 0.633628 0.230742
    1873 0.643384 0.226039
    1874 0.650756 0.216647
    1875 0.649086 0.208103
    1876 0.633778 0.193791
    1877 0.614723 0.181339
    1878 0.597366 0.174824
    1879 0.579330 0.170912
    1880 0.560276 0.164524
    1881 0.537407 0.159505
    1882 0.512752 0.152512
    1883 0.488113 0.141467
    1884 0.466125 0.132875
    1885 0.447516 0.129136
    1886 0.434469 0.132421
    1887 0.430731 0.136197
    1888 0.431803 0.144424
    1889 0.443280 0.146614
    1890 0.457735 0.150558
    1891 0.470521 0.160636
    1892 0.486923 0.172134
    1893 0.502200 0.183986
    1894 0.514471 0.192985
    1895 0.526731 0.202104
    1896 0.548218 0.205614
    1897 0.573649 0.209265
    1898 0.605611 0.213727
    1899 0.635971 0.219187
    1900 0.652398 0.220531
    1901 0.664004 0.220734
    1902 0.665233 0.219645
    1903 0.660312 0.219536
    1904 0.652820 0.217163
    1905 0.647119 0.211448
    1906 0.635946 0.206203
    1907 0.612236 0.200088
    1908 0.582793 0.193364
    1909 0.543855 0.185773
    1910 0.505947 0.178818
    1911 0.479808 0.165538
    1912 0.456999 0.154058
    1913 0.442080 0.141965
    1914 0.430791 0.135886
    1915 0.423768 0.130244
    1916 0.415384 0.121160
    1917 0.408822 0.112304
    1918 0.402953 0.102657
    1919 0.398795 0.0933518
    1920 0.395080 0.0840987
    1921 0.390556 0.0754850
    1922 0.383849 0.0647518
    1923 0.376684 0.0566058
    1924 0.369377 0.0505832
    1925 0.362226 0.0455626
    1926 0.357301 0.0417513
    1927 0.353059 0.0383281
    1928 0.349573 0.0355807
    1929 0.346998 0.0332941
    1930 0.344874 0.0315155
    1931 0.342970 0.0297282
    1932 0.341451 0.0281120
    1933 0.340699 0.0260808
    1934 0.339987 0.0243474
    1935 0.339127 0.0229466
    1936 0.335530 0.0216785
    1937 0.333620 0.0210409
    1938 0.333334 0.0206368
    1939 0.332730 0.0204968
    1940 0.332639 0.0210151
    1941 0.332506 0.0215269
    1942 0.332446 0.0206561
    1943 0.333240 0.0201765
    1944 0.333443 0.0197253
    1945 0.332543 0.0187393
    1946 0.333403 0.0186191
    1947 0.333314 0.0189555
    1948 0.332817 0.0188976
    1949 0.332731 0.0190939
    1950 0.333545 0.0191936
    1951 0.333429 0.0189764
    1952 0.334358 0.0189078
    1953 0.335624 0.0191882
    1954 0.335827 0.0193255
    1955 0.337249 0.0193045
    1956 0.337181 0.0194926
    1957 0.337569 0.0195024
    1958 0.338690 0.0192664
    1959 0.338996 0.0193045
    1960 0.338724 0.0194874
    1961 0.339214 0.0195495
    1962 0.338543 0.0195165
    1963 0.339010 0.0196227
    1964 0.339329 0.0197107
    1965 0.340402 0.0197597
    1966 0.340467 0.0198375
    1967 0.340581 0.0198979
    1968 0.341170 0.0199214
    1969 0.340857 0.0198519
    1970 0.341798 0.0198878
    1971 0.341565 0.0198471
    1972 0.342140 0.0198802
    1973 0.342167 0.0199339
    1974 0.342386 0.0199343
    1975 0.342789 0.0199279
    1976 0.342498 0.0199289
    1977 0.343147 0.0199588
    1978 0.342756 0.0199379
    1979 0.343350 0.0199904
    1980 0.343978 0.0200385
    1981 0.344481 0.0200741
    1982 0.344549 0.0200708
    1983 0.344273 0.0200735
    1984 0.345457 0.0201512
    1985 0.345926 0.0202102
    1986 0.345905 0.0202285
    1987 0.346064 0.0202622
    1988 0.346685 0.0203018
    1989 0.346814 0.0202629
    1990 0.347660 0.0202942
    1991 0.347531 0.0202840
    1992 0.347612 0.0202779
    1993 0.348600 0.0203253
    1994 0.348827 0.0203514
    1995 0.348755 0.0203643
    1996 0.349650 0.0204054
    1997 0.350489 0.0204548
    1998 0.348030 0.0203291
    1999 0.350167 0.0203991
    2000 0.350676 0.0204433
    2001 0.351092 0.0203924
    2002 0.351794 0.0203371
    2003 0.352158 0.0203045
    2004 0.352523 0.0202302
    2005 0.353034 0.0202432
    2006 0.351934 0.0204244
    2007 0.354094 0.0206086
    2008 0.356441 0.0207548
    2009 0.357609 0.0207439
    2010 0.357036 0.0206014
    2011 0.357199 0.0205297
    2012 0.356585 0.0204916
    2013 0.356582 0.0205947
    2014 0.357422 0.0208303
    2015 0.357584 0.0209042
    2016 0.358040 0.0209654
    2017 0.358454 0.0210971
    2018 0.357773 0.0210921
    2019 0.358184 0.0211490
    2020 0.358122 0.0211322
    2021 0.358283 0.0211042
    2022 0.358830 0.0210215
    2023 0.359956 0.0210254
    2024 0.359550 0.0209971
    2025 0.359651 0.0209751
    2026 0.359124 0.0209464
    2027 0.359673 0.0209675
    2028 0.360978 0.0210185
    2029 0.361008 0.0210090
    2030 0.361264 0.0209972
    2031 0.362548 0.0210573
    2032 0.363220 0.0211028
    2033 0.361506 0.0210179
    2034 0.359375 0.0209216
    2035 0.360698 0.0209801
    2036 0.362330 0.0210449
    2037 0.362332 0.0210352
    2038 0.362627 0.0210407
    2039 0.362522 0.0210527
    2040 0.361790 0.0210332
    2041 0.362263 0.0210354
    2042 0.363077 0.0210524
    2043 0.363096 0.0210527
    2044 0.363313 0.0210547
    2045 0.363244 0.0210296
    2046 0.363388 0.0210261
    2047 0.363530 0.0210328
    2048 0.363522 0.0210340
    2049 0.363639 0.0210175
    2050 0.363940 0.0210177
    2051 0.364554 0.0210538
    2052 0.364764 0.0210618
    2053 0.364585 0.0210770
    2054 0.364857 0.0211252
    2055 0.365627 0.0211755
    2056 0.366141 0.0211884
    2057 0.366082 0.0211776
    2058 0.365960 0.0211452
    2059 0.365379 0.0211278
    2060 0.365332 0.0211526
    2061 0.365425 0.0211716
    2062 0.365562 0.0212213
    2063 0.365321 0.0211996
    2064 0.365414 0.0211915
    2065 0.365650 0.0212157
    2066 0.365795 0.0212184
    2067 0.365800 0.0212418
    2068 0.365708 0.0211960
    2069 0.365374 0.0211380
    2070 0.365265 0.0211237
    2071 0.365661 0.0210777
    2072 0.365411 0.0210617
    2073 0.365013 0.0210857
    2074 0.364783 0.0211303
    2075 0.364935 0.0211338
    2076 0.365117 0.0211840
    2077 0.364903 0.0212067
    2078 0.365148 0.0212076
    2079 0.365387 0.0212449
    2080 0.365092 0.0212426
    2081 0.365506 0.0212496
    2082 0.366110 0.0212766
    2083 0.365687 0.0212694
    2084 0.365503 0.0212801
    2085 0.365830 0.0213033
    2086 0.365792 0.0212940
    2087 0.366224 0.0213151
    2088 0.366656 0.0213241
    2089 0.366313 0.0213100
    2090 0.365926 0.0212735
    2091 0.365819 0.0212590
    2092 0.365288 0.0212405
    2093 0.365393 0.0212151
    2094 0.365378 0.0212096
    2095 0.365543 0.0212394
    2096 0.365698 0.0212285
    2097 0.365925 0.0212351
    2098 0.366370 0.0212588
    2099 0.366320 0.0212357
    2100 0.365656 0.0212072
    2101 0.365533 0.0211942
    2102 0.366056 0.0212140
    2103 0.365576 0.0211834
    2104 0.365491 0.0211948
    2105 0.365315 0.0211927
    2106 0.365282 0.0211964
    2107 0.365743 0.0212298
    2108 0.365274 0.0212280
    2109 0.365276 0.0212598
    2110 0.365382 0.0212966
    2111 0.365716 0.0213214
    2112 0.366005 0.0213514
    2113 0.366755 0.0213959
    2114 0.366683 0.0213623
    2115 0.365315 0.0212951
    2116 0.364444 0.0212574
    2117 0.364936 0.0212761
    2118 0.365595 0.0212916
    2119 0.365631 0.0212932
    2120 0.365661 0.0212860
    2121 0.365527 0.0212680
    2122 0.365599 0.0212592
    2123 0.364593 0.0212393
    2124 0.364656 0.0212855
    2125 0.365765 0.0213802
    2126 0.365311 0.0214050
    2127 0.365093 0.0214189
    2128 0.364854 0.0214365
    2129 0.364932 0.0214478
    2130 0.364956 0.0214259
    2131 0.363912 0.0213664
    2132 0.362821 0.0213245
    2133 0.362158 0.0212975
    2134 0.363669 0.0213685
    2135 0.366008 0.0214968
    2136 0.366984 0.0215359
    2137 0.366609 0.0214712
    2138 0.365641 0.0214078
    2139 0.364764 0.0213640
    2140 0.364815 0.0213615
    2141 0.363748 0.0213393
    2142 0.363437 0.0213581
    2143 0.363304 0.0213629
    2144 0.362219 0.0213120
    2145 0.361780 0.0212881
    2146 0.361967 0.0213003
    2147 0.362523 0.0213458
    2148 0.362238 0.0213872
    2149 0.361858 0.0214152
    2150 0.360525 0.0213666
    2151 0.359760 0.0213512
    2152 0.358901 0.0213240
    2153 0.359280 0.0213466
    2154 0.358379 0.0213099
    2155 0.358160 0.0212814
    2156 0.358134 0.0212404
    2157 0.357470 0.0212250
    2158 0.357157 0.0212105
    2159 0.356316 0.0211692
    2160 0.355534 0.0211909
    2161 0.355529 0.0211806
    2162 0.355407 0.0211506
    2163 0.355324 0.0211724
    2164 0.354463 0.0211085
    2165 0.354135 0.0211044
    2166 0.352730 0.0210993
    2167 0.352531 0.0211185
    2168 0.352038 0.0211129
    2169 0.351627 0.0211183
    2170 0.351547 0.0211064
    2171 0.351762 0.0210918
    2172 0.351229 0.0211002
    2173 0.351160 0.0211498
    2174 0.351185 0.0211968
    2175 0.350591 0.0211869
    2176 0.348693 0.0210622
    2177 0.348283 0.0210137
    2178 0.347292 0.0209427
    2179 0.347155 0.0209347
    2180 0.348577 0.0210331
    2181 0.348279 0.0210157
    2182 0.347301 0.0209785
    2183 0.346647 0.0209502
    2184 0.345686 0.0209076
    2185 0.344102 0.0208731
    2186 0.344716 0.0209360
    2187 0.343014 0.0208817
    2188 0.341666 0.0208637
    2189 0.341354 0.0208539
    2190 0.340433 0.0207649
    2191 0.340350 0.0207501
    2192 0.339678 0.0207121
    2193 0.338780 0.0206844
    2194 0.338004 0.0207145
    2195 0.338227 0.0207602
    2196 0.337520 0.0207518
    2197 0.336640 0.0207324
    2198 0.335645 0.0206400
    2199 0.334985 0.0206247
    2200 0.333802 0.0205804
    2201 0.333038 0.0205182
    2202 0.332436 0.0205320
    2203 0.332747 0.0205732
    2204 0.331189 0.0205176
    2205 0.330359 0.0205232
    2206 0.330266 0.0205556
    2207 0.331421 0.0206358
    2208 0.331920 0.0206530
    2209 0.331888 0.0206057
    2210 0.329850 0.0204603
    2211 0.330338 0.0204561
    2212 0.332316 0.0205204
    2213 0.332250 0.0205226
    2214 0.331798 0.0205048
    2215 0.331336 0.0204551
    2216 0.332258 0.0205070
    2217 0.333911 0.0205949
    2218 0.334354 0.0206011
    2219 0.333034 0.0205114
    2220 0.333141 0.0205265
    2221 0.334662 0.0206226
    2222 0.336110 0.0206557
    2223 0.335286 0.0206145
    2224 0.335248 0.0206346
    2225 0.335592 0.0206407
    2226 0.336027 0.0206618
    2227 0.335592 0.0206107
    2228 0.335078 0.0205419
    2229 0.335719 0.0205489
    2230 0.334949 0.0204677
    2231 0.335539 0.0204819
    2232 0.334692 0.0204640
    2233 0.335261 0.0205067
    2234 0.336196 0.0205428
    2235 0.335199 0.0205096
    2236 0.336110 0.0205612
    2237 0.336054 0.0205218
    2238 0.336155 0.0205479
    2239 0.333113 0.0204260
    2240 0.333649 0.0205069
    2241 0.332723 0.0205615
    2242 0.334485 0.0206418
    2243 0.330698 0.0204562
    2244 0.331228 0.0205278
    2245 0.332385 0.0205998
    2246 0.331174 0.0205899
    2247 0.331263 0.0205911
    2248 0.331033 0.0205462
    2249 0.330816 0.0205150
    2250 0.331353 0.0205098
    2251 0.331624 0.0205640
    2252 0.330444 0.0205365
    2253 0.329375 0.0204447
    2254 0.332100 0.0205540
    2255 0.332216 0.0205093
    2256 0.331414 0.0204347
    2257 0.331585 0.0204067
    2258 0.331049 0.0203854
    2259 0.331510 0.0204509
    2260 0.332367 0.0205110
    2261 0.332334 0.0205174
    2262 0.331822 0.0204544
    2263 0.334117 0.0205239
    2264 0.335000 0.0205477
    2265 0.335123 0.0205155
    2266 0.335114 0.0204981
    2267 0.336069 0.0205336
    2268 0.335941 0.0205178
    2269 0.337741 0.0206254
    2270 0.335748 0.0204993
    2271 0.335654 0.0205004
    2272 0.336828 0.0205768
    2273 0.336418 0.0205123
    2274 0.337694 0.0206170
    2275 0.336103 0.0206094
    2276 0.336014 0.0205873
    2277 0.337059 0.0206603
    2278 0.335338 0.0206133
    2279 0.336548 0.0206291
    2280 0.336290 0.0205920
    2281 0.337135 0.0205957
    2282 0.338356 0.0205625
    2283 0.336472 0.0204485
    2284 0.335215 0.0204083
    2285 0.336649 0.0205083
    2286 0.336486 0.0205954
    2287 0.335011 0.0205696
    2288 0.335553 0.0206479
    2289 0.334793 0.0205741
    2290 0.334242 0.0205615
    2291 0.334865 0.0206618
    2292 0.334375 0.0206967
    2293 0.334779 0.0207218
    2294 0.332214 0.0204630
    2295 0.332027 0.0203888
    2296 0.332190 0.0203279
    2297 0.331598 0.0202643
    2298 0.332989 0.0204047
    2299 0.332035 0.0204291
    2300 0.330525 0.0204280
    2301 0.331334 0.0205058
    2302 0.333748 0.0206501
    2303 0.332215 0.0205553
    2304 0.332052 0.0205393
    2305 0.328980 0.0204025
    2306 0.329416 0.0204423
    2307 0.330034 0.0204700
    2308 0.328953 0.0204213
    2309 0.328729 0.0204480
    2310 0.329414 0.0204224
    2311 0.328802 0.0203519
    2312 0.329361 0.0203219
    2313 0.328188 0.0201805
    2314 0.327411 0.0201337
    2315 0.327256 0.0202315
    2316 0.327453 0.0202688
    2317 0.324868 0.0201380
    2318 0.326034 0.0202413
    2319 0.324902 0.0203005
    2320 0.324392 0.0203187
    2321 0.324889 0.0203937
    2322 0.322052 0.0202389
    2323 0.320911 0.0200324
    2324 0.320444 0.0198976
    2325 0.320528 0.0197721
    2326 0.322324 0.0198511
    2327 0.324190 0.0199757
    2328 0.325134 0.0200764
    2329 0.324926 0.0202530
    2330 0.324364 0.0202628
    2331 0.324333 0.0202064
    2332 0.321696 0.0201406
    2333 0.320414 0.0201418
    2334 0.321627 0.0201871
    2335 0.320358 0.0202084
    2336 0.318911 0.0201799
    2337 0.319185 0.0200780
    2338 0.319852 0.0201328
    2339 0.319099 0.0201717
    2340 0.320073 0.0202581
    2341 0.321152 0.0202589
    2342 0.320213 0.0200593
    2343 0.320783 0.0200625
    2344 0.319038 0.0199329
    2345 0.317971 0.0198917
    2346 0.317568 0.0201194
    2347 0.317891 0.0201975
    2348 0.319148 0.0201435
    2349 0.319788 0.0201331
    2350 0.319898 0.0200251
    2351 0.320119 0.0199462
    2352 0.320494 0.0200031
    2353 0.321103 0.0200436
    2354 0.319254 0.0200265
    2355 0.319829 0.0200342
    2356 0.320621 0.0199902
    2357 0.321090 0.0199700
    2358 0.319937 0.0199048
    2359 0.320629 0.0199827
    2360 0.323370 0.0202057
    2361 0.322763 0.0202250
    2362 0.322038 0.0203597
    2363 0.321755 0.0203379
    2364 0.321724 0.0202332
    2365 0.321878 0.0201853
    2366 0.321437 0.0200058
    2367 0.320719 0.0198413
    2368 0.323876 0.0199380
    2369 0.323832 0.0198060
    2370 0.324941 0.0195026
    2371 0.324035 0.0194826
    2372 0.323676 0.0197305
    2373 0.323657 0.0198297
    2374 0.325267 0.0203671
    2375 0.324241 0.0203655
    2376 0.324098 0.0199493
    2377 0.323656 0.0198066
    2378 0.322857 0.0195141
    2379 0.323047 0.0194636
    2380 0.320852 0.0195004
    2381 0.319557 0.0195906
    2382 0.319990 0.0200582
    2383 0.322673 0.0203809
    2384 0.321785 0.0205468
    2385 0.321952 0.0204885
    2386 0.319876 0.0197378
    2387 0.319489 0.0196339
    2388 0.318999 0.0197485
    2389 0.320950 0.0198903
    2390 0.321276 0.0202839
    2391 0.320054 0.0202748
    2392 0.320792 0.0198694
    2393 0.320140 0.0198272
    2394 0.318959 0.0200385
    2395 0.319659 0.0201565
    2396 0.318067 0.0202459
    2397 0.317170 0.0202339
    2398 0.317968 0.0200133
    2399 0.318109 0.0199700
    2400 0.315523 0.0197158
    2401 0.314934 0.0197880
    2402 0.316599 0.0202719
    2403 0.316476 0.0204351
    2404 0.315850 0.0206094
    2405 0.317302 0.0209682
    2406 0.318464 0.0211357
    2407 0.318505 0.0213407
    2408 0.316470 0.0218441
    2409 0.316045 0.0220231
    2410 0.316028 0.0216237
    2411 0.317055 0.0216684
    2412 0.314621 0.0213545
    2413 0.313155 0.0213124
    2414 0.314795 0.0222004
    2415 0.313193 0.0222205
    2416 0.314529 0.0218486
    2417 0.315194 0.0215646
    2418 0.314231 0.0206341
    2419 0.313009 0.0202815
    2420 0.313145 0.0207228
    2421 0.314326 0.0207577
    2422 0.314359 0.0208203
    2423 0.311715 0.0207726
    2424 0.310205 0.0205150
    2425 0.310252 0.0203248
    2426 0.309748 0.0197850
    2427 0.308243 0.0197462
    2428 0.308298 0.0199112
    2429 0.307986 0.0198991
    2430 0.308044 0.0203020
    2431 0.307590 0.0205043
    2432 0.304890 0.0199681
    2433 0.305906 0.0201096
    2434 0.307466 0.0206438
    2435 0.306245 0.0207302
    2436 0.305667 0.0206310
    2437 0.304943 0.0206814
    2438 0.304617 0.0208171
    2439 0.305411 0.0207811
    2440 0.305716 0.0204586
    2441 0.304861 0.0206200
    2442 0.304704 0.0211389
    2443 0.306322 0.0213507
    2444 0.305073 0.0212753
    2445 0.303650 0.0216337
    2446 0.305200 0.0221866
    2447 0.305049 0.0221537
    2448 0.302879 0.0227618
    2449 0.298996 0.0229217
    2450 0.296879 0.0211992
    2451 0.297070 0.0197559
    2452 0.296686 0.0175773
    2453 0.296725 0.0170924
    2454 0.297842 0.0157298
    2455 0.298038 0.0174837
    2456 0.297827 0.0171352
    2457 0.297596 0.0170238
    2458 0.297589 0.0171505
    2459 0.297734 0.0176439
    2460 0.297641 0.0184411
    2461 0.297295 0.0193098
    2462 0.296657 0.0200072
    2463 0.296225 0.0206029
    2464 0.296022 0.0210377
    2465 0.295796 0.0213444
    2466 0.295942 0.0218636
    2467 0.296418 0.0223112
    2468 0.296812 0.0226926
    2469 0.297193 0.0229646
    2470 0.297387 0.0230665
    2471 0.297289 0.0232648
    2472 0.296944 0.0238480
    2473 0.296283 0.0249639
    2474 0.295091 0.0263057
    2475 0.292845 0.0278507
    2476 0.289964 0.0293279
    2477 0.287414 0.0298333
    2478 0.284654 0.0303428
    2479 0.281716 0.0305216
    2480 0.278314 0.0315683
    2481 0.273361 0.0351631
    2482 0.267704 0.0393726
    2483 0.261340 0.0414293
    2484 0.255291 0.0441262
    2485 0.249908 0.0453735
    2486 0.245629 0.0494886
    2487 0.244227 0.0562087
    2488 0.243064 0.0630765
    2489 0.241824 0.0683036
    2490 0.240639 0.0725632
    2491 0.239914 0.0744372
    2492 0.240488 0.0740113
    2493 0.241437 0.0721414
    2494 0.243775 0.0701477
    2495 0.246910 0.0675130
    2496 0.255393 0.107365
    2497 0.252290 0.0955157
    2498 0.243956 0.0847509
    2499 0.248401 0.0844293
    2500 0.255275 0.0943167
